1548.92
1549.40
1534.85
1544.12
1540.46
1535.00
1523.77
1519.49
1522.51
1520.60
1517.16
1501.42
1496.96
1463.15
1454.23
1456.79
1448.34
1430.39
1430.03
1414.06
1432.81
1438.45
1439.18
1441.08
1440.95
1454.63
1455.42
1454.74
1448.40
1451.64
1443.02
1449.42
1436.98
1437.85
1449.35
1460.84
1468.17
1487.03
1471.38
1460.50
1455.44
1422.92
1431.90
1424.05
1411.92
1421.20
1413.63
1392.47
1387.68
1365.14
1355.27
1353.49
1347.43
1331.03
1321.13
1329.63
1330.92
1317.48
1306.39
1320.25
1311.65
1307.01
1313.75
1329.37
1333.91
1347.72
1359.59
1354.01
1358.80
1373.49
1377.38
1378.06
1382.16
1381.50
1396.09
1368.93
1361.05
1354.68
1343.95
1340.14
1340.52
1337.92
1330.77
1303.49
1309.22
1293.32
1284.94
1266.71
1258.60
1268.25
1268.45
1282.63
1280.19
1264.59
1247.53
1239.81
1250.13
1259.68
1297.85
1294.12
1289.47
1303.80
1284.91
1294.50
1282.29
1293.19
1346.40
1360.04
1352.89
1353.61
1348.30
1346.91
1339.62
1345.48
1341.17
1350.69
1349.76
1361.58
1382.09
1386.52
1387.87
1398.88
1407.64
1394.86
1399.55
1398.75
1411.53
1401.52
1398.26
1401.64
1380.52
1388.07
1386.63
1380.87
1387.06
1375.02
1391.21
1361.14
1359.23
1340.90
1341.05
1346.98
1343.33
1335.71
1325.95
1319.85
1303.35
1307.55
1315.22
1287.09
1286.52
1275.92
1271.15
1288.12
1279.11
1275.42
1292.79
1279.12
1256.22
1254.68
1261.33
1247.02
1241.51
1207.57
1213.79
1233.05
1237.86
1245.59
1248.39
1238.05
1248.39
1254.96
1247.01
1245.98
1263.97
1277.71
1275.59
1260.82
1262.28
1265.51
1255.45
1246.99
1253.44
1245.17
1262.48
1248.38
1240.16
1225.84
1219.94
1224.35
1216.20
1214.29
1198.11
1207.31
1207.23
1229.96
1228.34
1213.40
1237.68
1226.26
1219.78
1213.35
1196.75
1181.96
1189.14
1183.34
1176.71
1179.58
1191.51
1180.15
1185.83
1187.35
1188.28
1191.01
1193.07
1201.57
1198.40
1188.60
1194.40
1173.64
1177.04
1177.50
1156.31
1190.79
1215.47
1201.33
1199.65
1200.14
1215.83
1223.48
1211.15
1211.23
1214.45
1198.99
1191.38
1178.91
1192.02
1188.15
1186.51
1169.79
1171.09
1176.42
1157.06
1152.99
1148.03
1147.16
1148.75
1142.32
1135.51
1122.90
1118.03
1086.80
