50.47
50.855
51.15
51.205
52.2
51.655
48.115
48.15
48.42
48.305
48.025
47.505
48.2
45.035
43.39
43.93
43.345
43.2
43.7
42.54
43.27
44.1
43.645
44.51
45
46.185
46.73
45.875
46.47
46.8
46.33
46.45
47.3
47.79
47.935
48.545
46.655
47.29
46.22
46.115
46.255
43
43.4
44.55
44.6
46.58
43.55
40.17
36.725
36.04
36.17
36.2
36.725
35.96
36.25
36.725
36.54
36.435
36.09
36
35.225
35.585
35.05
35.995
35.4
34.835
34.715
34.545
34.95
35.6
35.495
35.7
35.505
36.455
37.7
37.38
36.395
36
33.59
33.06
33.45
33.65
35.395
35.5
30.825
27.45
26.54
26.275
26.095
25.515
25.625
25.55
25.845
26.055
25.875
25.8
25.8
26.1
26.595
26.645
26.245
26.1
26.07
26
26.335
26.81
27.08
27.06
26.91
26.725
26.105
26.6
26.63
26.63
25.995
26.385
26.265
26.405
26.83
26.57
26.79
26.705
27.145
27.2
26.92
26.8
26.85
26.8
26.735
26.37
26.34
26.32
26.285
25.92
26
25.825
25.94
25.41
25.28
25.15
25.175
25.08
25.39
25.08
25.2
25.26
25.205
25.07
25.115
24.94
24.99
24.73
24.46
24.37
24.365
24.18
24.2
24.26
24.15
24.105
24.18
24.14
24.15
24.14
24.2
24.6
24.915
24.91
24.985
24.555
24.565
24.71
24.825
24.81
24.605
24.72
25.05
25.075
25.08
25.14
25.05
24.89
25.31
25.2
25.3
25.54
25.5
25.365
25.475
25.23
25.12
25.305
24.875
24.6
24.595
24.58
24.535
24.525
24.895
24.88
25
24.75
24.2
24.16
24.215
24.61
24.73
25.2
25.39
25.385
25.4
25.56
25.69
26.07
26.24
26.4
26.475
26.435
26.75
26.375
26.485
26.83
26.48
26.26
26.81
26.7
26.845
27.05
27.32
27.475
27.4
27.415
27.355
27.445
27.435
27.355
27.535
27.315
27.89
27.93
27.865
28.025
27.8
27.91
28.165
27.975
27.63
27.435
27.07
27.01
27.045
26.785
